       0
       0
       0
       0
       0
       0
       0
       0
       0
       0
       0
       0
       0
       0
       0
       0
       0
       0
       0
       0
       0
       0
       0
       0
       0
       0
       0
       0
       0
       0
       0
       0
       0
       0
       0
       0
       0
       0
       0
       0
       0
       0
       0
       0
       0
       0
       0
       0
       0
       0
       0
       0
       0
       0
       0
       0
       0
       0
       0
       0
       0
       0
       0
       0
       0
       0
       0
       0
       0
       0
       0
       0
       0
       0
       0
       0
       0
       0
       0
       0
       0
       0
       0
       0
       0
       0
       0
       0
       0
       0
       0
       0
       0
       0
       0
       0
       0
       0
       0
       0
       0
       0
       0
       0
       0
       0
       0
       0
       0
       0
       0
       0
       0
       0
       0
       0
       0
       0
       0
       0
       0
       0
       0
       0
       0
       0
       0
       0
       0
       0
       0
       0
       0
       0
       0
       0
       0
       0
       0
       0
       0
       0
       0
       0
       0
       0
       0
       0
       0
       0
       0
       0
       0
       0
       0
       0
       0
       0
       0
       0
       0
       0
       0
       0
       0
       0
       0
       0
       0
       0
       0
       0
       0
       0
       0
       0
       0
       0
       0
       0
       0
       0
       0
       0
       0
       0
       0
       0
       0
       0
       0
       0
       0
       0
       0
       0
       0
       0
       0
       0
       0
       0
       0
       0
       0
       0
       0
       0
       0
       0
       0
       0
       0
       0
       0
       0
       0
       0
       0
       0
       0
       0
       0
       0
       0
       0
       0
       0
       0
       0
       0
       0
       0
       0
       0
       0
       0
       0
       0
       0
       0
       0
       0
       0
       0
       0
       0
       0
       0
       0
       0
       0
       0
       0
       0
       0
       0
       0
       0
       0
       0
       0
       0
       0
       0
       0
       0
       0
       0
       0
       0
       0
       0
       0
       0
       0
       0
       0
       0
       0
       0
       0
       0
       0
       0
       0
       0
       0
       0
       0
       0
       0
       0
       0
       0
       0
       0
       0
       0
       0
       0
       0
       0
       0
       0
       0
       0
       0
       0
       0
       0
       0
       0
       0
       0
       0
       0
       0
       0
       0
       0
       0
       0
       0
       0
       0
       0
       0
       0
       0
       0
       0
       0
       0
       0
       0
       0
       0
       0
       0
       0
       0
       0
       0
       0
       0
       0
       0
       0
       0
       0
       0
       0
       0
       0
       0
       0
       0
       0
       0
       0
       0
       0
       0
       0
       0
       0
       0
       0
       0
       0
       0
       0
       0
       0
       0
       0
       0
       0
       0
       0
       0
       0
       0
       0
       0
       0
       0
       0
       0
       0
       0
       0
       0
       0
       0
       0
       0
       0
       0
       0
       0
       0
       0
       0
       0
       0
       0
       0
       0
       0
       0
       0
       0
   132.1
   132.1
   132.1
   146.1
   146.1
   133.4
   133.4
   133.4
   157.8
   157.8
   172.9
   172.9
   172.9
   158.5
   158.5
   344.5
   344.5
   344.5
   215.1
   215.1
   82.25
   82.25
   82.25
   78.51
   78.51
   70.07
   70.07
   70.07
   83.63
   83.63
   90.62
   90.62
   90.62
     152
     152
   166.5
   166.5
   166.5
   165.7
   165.7
   134.3
   134.3
   134.3
   105.3
   105.3
     107
     107
     107
   106.8
   106.8
   104.7
   104.7
   104.7
   101.4
   101.4
   101.2
   101.2
   101.2
   122.5
   122.5
   123.8
   123.8
   123.8
   106.5
   106.5
   94.46
   94.46
   94.46
   88.97
   88.97
    64.5
    64.5
    64.5
   75.26
   75.26
   72.06
   72.06
   72.06
   71.65
   71.65
   84.24
   84.24
   84.24
   78.88
   78.88
   73.73
   73.73
   73.73
   77.21
   77.21
   79.35
   79.35
   79.35
    73.7
    73.7
   80.53
   80.53
   80.53
   73.42
   73.42
   64.76
   64.76
   64.76
   67.26
   67.26
   67.14
   67.14
   67.14
    70.2
    70.2
   73.69
   73.69
   73.69
    71.2
    71.2
   62.77
   62.77
   62.77
   58.31
   58.31
   52.11
   52.11
   52.11
   53.19
   53.19
   54.64
   54.64
   54.64
   57.63
   57.63
   66.67
   66.67
   66.67
   64.51
   64.51
   67.36
   67.36
   67.36
   71.17
   71.17
   76.97
   76.97
   76.97
   84.68
   84.68
   92.21
   92.21
   92.21
   101.2
   101.2
   102.6
   102.6
   102.6
   103.4
   103.4
   106.6
   106.6
   106.6
   109.7
   109.7
     117
     117
     117
   127.8
   127.8
   127.5
   127.5
   127.5
   130.6
   130.6
   130.2
   130.2
   130.2
   120.8
   120.8
   110.6
   110.6
   110.6
   109.6
   109.6
   104.6
   104.6
   104.6
   103.4
   103.4
   102.8
   102.8
   102.8
   99.28
   99.28
   100.5
   100.5
   100.5
   101.9
   101.9
   99.79
   99.79
   99.79
   97.53
   97.53
    91.8
    91.8
    91.8
   94.36
   94.36
   92.14
   92.14
   92.14
   90.56
   90.56
   90.54
   90.54
   90.54
   87.97
   87.97
   85.14
   85.14
   85.14
   77.59
   77.59
   78.09
   78.09
   78.09
   76.25
   76.25
   71.86
   71.86
   71.86
    70.1
    70.1
   68.93
   68.93
   68.93
   60.74
   60.74
   58.32
   58.32
   58.32
   58.34
   58.34
    49.9
    49.9
    49.9
   48.59
   48.59
   49.56
   49.56
   49.56
   47.33
   47.33
   48.72
   48.72
   48.72
   48.99
   48.99
   51.22
   51.22
   51.22
   51.53
   51.53
   47.51
   47.51
   47.51
   41.57
   41.57
   38.35
   38.35
   38.35
   32.58
   32.58
   28.73
   28.73
   28.73
   27.01
   27.01
   29.57
   29.57
   29.57
   23.47
   23.47
   22.62
   22.62
   22.62
   15.16
   15.16
   15.06
   15.06
   15.06
   17.73
   17.73
   17.05
   17.05
   17.05
   16.42
   16.42
   17.32
   17.32
   17.32
   11.19
   11.19
   19.61
   19.61
   19.61
   19.26
   19.26
   24.81
   24.81
   24.81
    38.8
    38.8
   58.66
   58.66
   58.66
   67.18
   67.18
   76.91
   76.91
   76.91
   75.49
   75.49
   79.79
   79.79
   79.79
   91.22
   91.22
   104.2
   104.2
   104.2
   107.4
   107.4
   98.34
   98.34
   98.34
   93.55
   93.55
   76.86
   76.86
   76.86
   61.15
   61.15
   55.94
   55.94
   55.94
   49.49
   49.49
   45.47
   45.47
   45.47
   34.25
   34.25
   28.99
   28.99
   28.99
   30.72
   30.72
   38.05
   38.05
   38.05
   42.04
   42.04
   49.27
   49.27
   49.27
   50.85
   50.85
   47.79
   47.79
   47.79
   65.14
   65.14
   78.92
   78.92
   78.92
   81.15
   81.15
    82.4
    82.4
    82.4
   81.99
   81.99
   91.89
   91.89
   91.89
   100.8
   100.8
   129.6
   129.6
   129.6
   123.6
   123.6
   110.8
   110.8
   110.8
    77.1
    77.1
    21.5
    21.5
    21.5
   49.59
   49.59
   42.43
   42.43
   42.43
    49.8
    49.8
    48.2
    48.2
    48.2
   31.37
   31.37
   27.93
   27.93
   27.93
   14.83
   14.83
    22.6
    22.6
    22.6
    21.4
    21.4
   21.29
   21.29
   21.29
   25.52
   25.52
   22.86
   22.86
   22.86
   23.68
   23.68
   33.46
   33.46
   33.46
   29.42
   29.42
   26.17
   26.17
   26.17
   23.37
   23.37
   24.25
   24.25
   24.25
   28.62
   28.62
   30.29
   30.29
   30.29
   33.02
   33.02
   18.23
   18.23
   18.23
       0
       0
   2.374
   2.374
   2.374
   31.24
   31.24
   41.59
   41.59
   41.59
   48.05
   48.05
   56.56
   56.56
   56.56
   25.83
   25.83
   20.15
   20.15
   20.15
   22.15
   22.15
   18.24
   18.24
   18.24
   12.53
   12.53
   15.94
   15.94
   15.94
    17.3
    17.3
   15.52
   15.52
   15.52
       0
       0
       0
       0
       0
   4.929
   4.929
   10.37
   10.37
   10.37
   12.95
   12.95
   13.21
   13.21
   13.21
   10.13
   10.13
   10.13
   10.13
   10.13
   5.433
   5.433
  0.5171
  0.5171
  0.5171
       0
       0
   9.913
   9.913
   9.913
   11.13
   11.13
   7.532
   7.532
   7.532
   2.965
   2.965
   9.596
   9.596
   9.596
    9.85
    9.85
   1.791
   1.791
   1.791
     3.3
     3.3
   3.782
   3.782
   3.782
    2.54
    2.54
       0
       0
       0
       0
       0
       0
       0
       0
       0
       0
       0
       0
       0
       0
       0
    1.64
    1.64
    1.64
   9.777
   9.777
   12.25
   12.25
   12.25
   5.194
   5.194
   19.49
   19.49
   19.49
      11
      11
   14.62
   14.62
   14.62
   19.34
   19.34
   26.67
   26.67
   26.67
   51.35
   51.35
   36.04
   36.04
   36.04
    22.5
    22.5
   17.62
   17.62
   17.62
   17.55
   17.55
   20.01
   20.01
   20.01
   21.95
   21.95
   29.57
   29.57
   29.57
   36.91
   36.91
   35.07
   35.07
   35.07
   27.15
   27.15
   28.37
   28.37
   28.37
   23.18
   23.18
   26.05
   26.05
   26.05
    22.8
    22.8
    25.6
    25.6
    25.6
   24.92
   24.92
   24.97
   24.97
   24.97
    19.8
    19.8
   16.81
   16.81
   16.81
   17.79
   17.79
    20.1
    20.1
    20.1
   24.35
   24.35
   28.89
   28.89
   28.89
   34.28
   34.28
   29.12
   29.12
   29.12
   29.58
   29.58
   26.97
   26.97
   26.97
   26.09
   26.09
   22.65
   22.65
   22.65
   22.61
   22.61
   13.79
   13.79
   13.79
   18.96
   18.96
   20.59
   20.59
   20.59
   21.71
   21.71
   26.69
   26.69
   26.69
   42.01
   42.01
   32.34
   32.34
   32.34
   34.06
   34.06
   37.77
   37.77
   37.77
    27.5
    27.5
   21.73
   21.73
   21.73
   15.25
   15.25
   16.24
   16.24
   16.24
