       0
       0
       0
       0
       0
       0
       0
       0
       0
       0
       0
       0
       0
       0
       0
       0
       0
       0
       0
       0
       0
       0
       0
       0
       0
       0
       0
       0
       0
       0
       0
       0
       0
       0
       0
       0
       0
       0
       0
       0
       0
       0
       0
       0
       0
       0
       0
       0
       0
       0
       0
       0
       0
       0
       0
       0
       0
       0
       0
       0
       0
       0
       0
       0
       0
       0
       0
       0
       0
       0
       0
       0
       0
       0
       0
       0
       0
       0
       0
       0
       0
       0
       0
       0
       0
       0
       0
       0
       0
       0
       0
       0
       0
       0
       0
       0
       0
       0
       0
       0
       0
       0
       0
       0
       0
       0
       0
       0
       0
       0
       0
       0
       0
       0
       0
       0
       0
       0
       0
       0
       0
       0
       0
       0
       0
       0
       0
       0
       0
       0
       0
       0
       0
       0
       0
       0
       0
       0
       0
       0
       0
       0
       0
       0
       0
       0
       0
       0
       0
       0
       0
       0
       0
       0
       0
       0
       0
       0
       0
       0
       0
       0
       0
       0
       0
       0
       0
       0
       0
       0
       0
       0
       0
       0
       0
       0
       0
       0
       0
       0
       0
       0
       0
       0
       0
       0
       0
       0
       0
       0
       0
       0
       0
       0
       0
       0
       0
       0
       0
       0
       0
       0
       0
       0
       0
       0
       0
       0
       0
       0
       0
       0
       0
       0
       0
       0
       0
       0
       0
       0
       0
       0
       0
       0
       0
       0
       0
       0
       0
       0
       0
       0
       0
       0
       0
       0
       0
       0
       0
       0
       0
       0
       0
       0
       0
       0
       0
       0
       0
       0
       0
       0
       0
       0
       0
       0
       0
       0
       0
       0
       0
       0
       0
       0
       0
       0
       0
       0
       0
       0
       0
       0
       0
       0
       0
       0
       0
       0
       0
       0
       0
       0
       0
       0
       0
       0
       0
       0
       0
       0
       0
       0
       0
       0
       0
       0
       0
       0
       0
       0
 1.843e-005
 5.416e-005
 0.0001072
 0.0001774
 0.0002648
 0.0003692
 0.0004906
 0.0006289
 0.0007839
 0.0009555
 0.001144
 0.001348
 0.001568
 0.001804
 0.002055
 0.002322
 0.002604
 0.002901
 0.003211
 0.003536
 0.003875
 0.004227
 0.004592
 0.00497
 0.005359
 0.005761
 0.006174
 0.006597
 0.007031
 0.007474
 0.007927
 0.008389
 0.008858
 0.009335
 0.00982
 0.01031
 0.01081
 0.01131
 0.01181
 0.01232
 0.01284
 0.01335
 0.01387
 0.01438
  0.0149
 0.01542
 0.01593
 0.01645
 0.01696
 0.01747
 0.01798
 0.01848
 0.01899
 0.01949
 0.01999
 0.02049
 0.02098
 0.02148
 0.02198
 0.02247
 0.02297
 0.02347
 0.02398
 0.02448
   0.025
 0.02552
 0.02604
 0.02658
 0.02713
 0.02769
 0.02826
 0.02885
 0.02946
 0.03009
 0.03074
 0.03141
 0.03211
 0.03284
  0.0336
 0.03439
 0.03522
 0.03608
 0.03698
 0.03791
 0.03889
  0.0399
 0.04095
 0.04205
 0.04318
 0.04435
 0.04555
 0.04679
 0.04807
 0.04938
 0.05072
  0.0521
 0.05349
 0.05492
 0.05636
 0.05783
 0.05931
  0.0608
 0.06229
  0.0638
  0.0653
 0.06679
 0.06828
 0.06976
 0.07123
 0.07268
 0.07411
 0.07553
 0.07693
 0.07831
 0.07968
 0.08104
 0.08239
 0.08374
 0.08508
 0.08642
 0.08776
 0.08912
 0.09048
 0.09186
 0.09325
 0.09466
 0.09609
 0.09755
 0.09903
  0.1005
  0.1021
  0.1036
  0.1052
  0.1068
  0.1085
  0.1102
  0.1119
  0.1136
  0.1154
  0.1172
  0.1191
  0.1209
  0.1228
  0.1248
  0.1267
  0.1287
  0.1307
  0.1327
  0.1348
  0.1369
  0.1389
   0.141
  0.1431
  0.1452
  0.1474
  0.1495
  0.1516
  0.1538
  0.1559
   0.158
  0.1601
  0.1623
  0.1644
  0.1665
  0.1687
  0.1708
  0.1729
   0.175
  0.1771
  0.1792
  0.1813
  0.1834
  0.1855
  0.1876
  0.1897
  0.1918
  0.1939
   0.196
  0.1981
  0.2002
  0.2023
  0.2044
  0.2065
  0.2086
  0.2107
  0.2128
  0.2149
   0.217
  0.2191
  0.2212
  0.2233
  0.2254
  0.2275
  0.2296
  0.2317
  0.2338
  0.2359
   0.238
  0.2402
  0.2423
  0.2444
  0.2465
  0.2486
  0.2507
  0.2529
   0.255
  0.2571
  0.2593
  0.2614
  0.2635
  0.2657
  0.2678
    0.27
  0.2721
  0.2743
  0.2764
  0.2786
  0.2807
  0.2829
   0.285
  0.2872
  0.2893
  0.2915
  0.2937
  0.2958
   0.298
  0.3002
  0.3024
  0.3045
  0.3067
  0.3089
  0.3111
  0.3132
  0.3154
  0.3176
  0.3198
   0.322
  0.3241
  0.3263
  0.3285
  0.3307
  0.3329
  0.3351
  0.3372
  0.3394
  0.3416
  0.3438
  0.3459
  0.3481
  0.3503
  0.3525
  0.3546
  0.3568
   0.359
  0.3611
  0.3633
  0.3654
  0.3676
  0.3697
  0.3719
   0.374
  0.3761
  0.3782
  0.3804
  0.3825
  0.3846
  0.3867
  0.3888
  0.3909
   0.393
   0.395
  0.3971
  0.3992
  0.4012
  0.4033
  0.4053
  0.4073
  0.4094
  0.4114
  0.4134
  0.4154
  0.4174
  0.4194
  0.4214
  0.4234
  0.4254
  0.4274
  0.4293
  0.4313
  0.4333
  0.4353
  0.4372
  0.4392
  0.4412
  0.4432
  0.4451
  0.4471
  0.4491
  0.4511
  0.4531
  0.4551
  0.4572
  0.4592
  0.4612
  0.4633
  0.4653
  0.4673
  0.4694
  0.4714
  0.4734
  0.4755
  0.4775
  0.4795
  0.4815
  0.4836
  0.4856
  0.4876
  0.4897
  0.4917
  0.4937
  0.4958
  0.4978
  0.4998
  0.5019
  0.5039
  0.5059
   0.508
    0.51
   0.512
   0.514
  0.5161
  0.5181
  0.5201
  0.5222
  0.5242
  0.5262
  0.5283
  0.5303
  0.5323
  0.5343
  0.5363
  0.5382
  0.5401
  0.5419
  0.5438
  0.5456
  0.5474
  0.5493
  0.5511
   0.553
  0.5549
  0.5568
  0.5588
  0.5607
  0.5627
  0.5647
  0.5668
  0.5688
  0.5708
  0.5728
  0.5748
  0.5768
  0.5788
  0.5808
  0.5827
  0.5846
  0.5865
  0.5884
  0.5902
   0.592
  0.5937
  0.5955
  0.5972
  0.5989
  0.6006
  0.6023
  0.6039
  0.6056
  0.6073
  0.6089
  0.6106
  0.6123
  0.6141
  0.6158
  0.6175
  0.6193
  0.6211
  0.6229
  0.6248
  0.6266
  0.6285
  0.6304
  0.6323
  0.6342
  0.6361
   0.638
  0.6399
  0.6418
  0.6437
  0.6456
  0.6474
  0.6492
   0.651
  0.6528
  0.6545
  0.6562
  0.6578
  0.6594
   0.661
  0.6625
  0.6641
  0.6656
  0.6672
  0.6687
  0.6703
  0.6719
  0.6735
  0.6752
   0.677
  0.6787
  0.6805
  0.6823
  0.6841
  0.6858
  0.6876
  0.6894
  0.6912
  0.6929
  0.6947
  0.6965
  0.6983
     0.7
  0.7018
  0.7036
  0.7054
  0.7071
  0.7089
  0.7107
  0.7125
  0.7142
  0.7158
  0.7172
  0.7185
  0.7196
  0.7205
  0.7214
  0.7221
  0.7228
  0.7234
  0.7239
  0.7245
   0.725
  0.7256
  0.7262
  0.7269
  0.7276
  0.7285
  0.7294
  0.7304
  0.7315
  0.7327
  0.7341
  0.7355
   0.737
  0.7386
  0.7403
   0.742
  0.7436
  0.7453
   0.747
  0.7487
  0.7504
   0.752
  0.7537
  0.7554
  0.7571
  0.7587
  0.7604
  0.7621
  0.7638
  0.7655
  0.7671
  0.7688
  0.7705
  0.7722
  0.7739
  0.7755
  0.7772
  0.7789
  0.7805
  0.7821
  0.7836
  0.7851
  0.7866
   0.788
  0.7894
  0.7908
  0.7922
  0.7935
  0.7949
  0.7962
  0.7975
  0.7988
  0.8001
  0.8014
  0.8026
  0.8039
  0.8052
  0.8064
  0.8077
   0.809
  0.8103
  0.8116
  0.8129
  0.8142
  0.8155
  0.8168
  0.8182
  0.8195
  0.8209
  0.8223
  0.8237
  0.8251
  0.8265
  0.8279
  0.8294
  0.8308
  0.8323
  0.8337
  0.8352
  0.8366
  0.8381
  0.8395
   0.841
  0.8424
  0.8439
  0.8453
  0.8467
  0.8481
  0.8496
   0.851
  0.8524
  0.8538
  0.8551
  0.8565
  0.8579
  0.8593
  0.8607
  0.8621
  0.8634
  0.8648
  0.8662
  0.8676
   0.869
  0.8704
  0.8718
  0.8732
  0.8746
   0.876
  0.8774
  0.8788
  0.8802
  0.8815
  0.8829
  0.8843
  0.8856
   0.887
  0.8883
  0.8896
  0.8908
  0.8921
  0.8933
  0.8945
  0.8957
  0.8969
   0.898
  0.8992
  0.9003
  0.9014
  0.9024
  0.9035
  0.9045
  0.9055
  0.9065
  0.9075
  0.9085
  0.9095
  0.9105
  0.9115
  0.9124
  0.9134
  0.9144
  0.9154
  0.9164
  0.9174
  0.9185
  0.9195
  0.9205
  0.9216
  0.9227
  0.9237
  0.9248
  0.9259
   0.927
   0.928
  0.9291
  0.9301
  0.9312
  0.9322
  0.9332
  0.9341
   0.935
  0.9359
  0.9367
  0.9375
  0.9382
  0.9389
  0.9395
  0.9401
  0.9406
   0.941
  0.9414
  0.9418
  0.9421
  0.9424
  0.9427
  0.9429
  0.9431
  0.9433
  0.9435
  0.9437
  0.9439
  0.9441
  0.9442
  0.9444
  0.9447
  0.9449
  0.9451
  0.9454
  0.9457
   0.946
  0.9464
  0.9468
  0.9472
  0.9476
  0.9481
  0.9486
  0.9492
  0.9497
  0.9504
   0.951
  0.9517
  0.9524
  0.9532
   0.954
  0.9548
  0.9556
  0.9565
  0.9574
  0.9583
  0.9592
  0.9602
  0.9612
  0.9622
  0.9632
  0.9642
  0.9652
  0.9662
  0.9673
  0.9683
  0.9694
  0.9705
  0.9715
  0.9726
  0.9737
  0.9748
  0.9758
  0.9769
   0.978
   0.979
  0.9801
  0.9812
  0.9822
  0.9833
  0.9844
  0.9854
  0.9865
  0.9875
  0.9886
  0.9896
  0.9907
  0.9917
  0.9928
  0.9938
  0.9948
  0.9959
  0.9969
  0.9979
   0.999
       1
